컴퓨터학과 20170005 덕하 40 20 50 20 10   
컴퓨터학과 20140003 으으으 50 20 80 15 15   
정보통계학과 201440007 귀여워 10 50 90 56 10   
컴퓨터학과 20160006 고앵이 50 50 60 0 10   
수학과 20160008 자바를 40 50 70 50 12   
컴퓨터학과 20170001 잘생긴거 50 20 100 95 10   
컴퓨터학과 20170002 세상최고 50 50 85 50 10   
컴퓨터학과 20130123 공부함 45 45 80 45 45   
정보통계학과 20180877 최고 50 40 100 100 10   
수학과 20141212 잘생김 90 20 100 70 10   
컴퓨터학과 20180003 도덕 60 59 85 50 9   
수학과 20161233 식빵 50 50 100 50 50   
컴퓨터학과 20170004 덕망 53 62 70 80 10   
정보통계학과 20181212 차은우 100 60 100 80 40   
정보통계학과 20157878 잘봐야지 80 80 100 80 80   
          
          
          
          
          
          
          
          
          
          
          
          
          
          
          
          
          
          
          
          
          
          
          
          
          
