수학과 20111111 꺄 100 50 80 60 60   
수학과 20171 ㄱ 50 50 50 50 50   
수학과 20172 ㄴㄷ 60 60 60 60 60   
수학과 20173 ㄷㄹ 70 70 70 70 70   
정보통계학과 20174 ㄹ 20 20 80 80 80   
정보통계학과 20175 ㅁ 90 90 90 60 90   
컴퓨터학과 20176 ㅂ 20 20 100 100 100   
정보통계학과 20177 ㅅ 20 30 100 100 100   
컴퓨터학과 20178 ㅇ 50 50 100 100 100   
컴퓨터학과 20179 ㅈ 60 60 90 100 100   
정보통계학과 201610 ㅊ 50 70 100 85 100   
정보통계학과 201611 ㅋㅌ 80 80 100 65 100   
컴퓨터학과 201612 ㅍ 90 90 90 100 50   
정보통계학과 201613 ㅎ 50 65 90 60 60   
컴퓨터학과 201614 ㅎㅎ 78 55 80 100 90   
컴퓨터학과 201615 ㅎㅎㅎ 50 52 100 70 80   
컴퓨터학과 201516 ㅇㅇㅇ 30 30 100 90 50   
컴퓨터학과 201517 ㅇㅇ 80 62 100 100 40   
컴퓨터학과 201518 ㄷㄷㄱ 35 56 90 100 100   
컴퓨터학과 201519 ㄷㄱㅈ 70 59 100 100 50   
컴퓨터학과 201520 ㅓ 85 55 80 100 45   
컴퓨터학과 201421 ㅓㅓ 77 100 100 90 89   
컴퓨터학과 201422 ㅣㅑ 56 70 100 90 86   
정보통계학과 201423 ㅑ 70 70 100 100 57   
          
          
          
          
          
          
          
          
          
          
          
          
          
          
          
          
