수학과 20162016 옹앵 80 80 100 2 50   
수학과 20141212 웅앵 20 20 100 20 10   
컴퓨터학과 20150006 김수영 30 20 100 18 50   
컴퓨터학과 20170005 치킨 40 20 80 50 10   
컴퓨터학과 20160003 연어초밥 50 22 90 15 5   
컴퓨터학과 20110001 간장게장 35 20 100 60 10   
정보통계학과 20180407 허니콤보 10 50 100 20 60   
컴퓨터학과 20189870 뿌링클 50 20 100 80 10   
정보통계학과 20166540 연덮 50 30 85 17 70   
컴퓨터학과 20181465 자바자바 40 40 95 20 70   
수학과 20160808 한정원 50 50 100 50 70   
정보통계학과 20167878 최정민 100 100 100 100 100   
컴퓨터학과 20170050 ㅅ 50 50 100 20 10   
정보통계학과 20181219 마라탕 50 60 75 20 10   
정보통계학과 20181215 한국떡 100 100 100 100 50   
컴퓨터학과 20149898 야채곱창 100 90 100 80 80   
수학과 20134560 이름고갈 50 50 100 50 50   
컴퓨터학과 20129855 기말파이팅 90 90 90 90 90   
컴퓨터학과 20171234 젤리 80 80 80 80 80   
          
          
          
          
          
          
          
          
          
          
          
          
          
          
          
          
          
          
          
          
          
